      1 99.99,15.0
      1 99.73,47.87
      1 99.23,4.96
      1 98.81,59.29
      1 9.79,6.34
      1 97.36,59.58
      1 97.28,29.18
      1 97.17,9.72
      1 96.5,34.74
      1 95.72,4.55
      1 94.99,20.52
      1 9.39,6.76
      1 92.63,4.63
      1 92.39,7.76
      1 9.2,3.68
      1 90.34,12.29
      1 90.04,18.37
      1 90.01,0.0
      1 8.99,0.61
      1 89.79,4.27
      1 89.79,20.47
      1 89.68,13.45
      1 88.66,28.37
      1 88.63,12.76
      1 87.94,17.59
      1 85.49,16.41
      1 85.48,11.54
      1 85.22,4.26
      1 85.12,27.24
      1 85.04,20.41
      1 84.5,10.14
      1 84.45,0.0
      1 84.37,16.03
      1 8.39,3.02
      1 82.93,0.0
      1 82.83,0.0
      1 82.81,33.12
      1 82.47,25.07
      1 8.19,0.41
      1 81.01,29.16
      1 80.26,30.5
      1 80.2,0.0
      1 7.97,1.91
      1 7.95,3.82
      1 79.26,0.0
      1 79.05,5.06
      1 78.81,12.61
      1 78.58,47.15
      1 78.28,7.44
      1 77.72,16.52
      1 77.66,0.0
      1 77.65,8.85
      1 77.53,12.4
      1 77.39,10.45
      1 76.95,15.39
      1 76.4,0.0
      1 7.61,1.22
      1 75.6,8.51
      1 74.97,12.0
      1 74.49,8.94
      1 73.99,3.51
      1 73.23,0.0
      1 73.03,0.0
      1 72.18,23.1
      1 71.77,10.77
      1 7.17,0.86
      1 71.64,3.22
      1 7.03,0.6
      1 68.32,9.74
      1 68.18,27.27
      1 67.86,5.43
      1 67.7,15.23
      1 67.05,45.26
      1 65.46,5.24
      1 65.36,14.9
      1 6.51,1.22
      1 65.08,2.93
      1 64.36,7.72
      1 64.15,10.26
      1 64.11,23.08
      1 63.81,24.25
      1 62.06,8.94
      1 61.86,9.28
      1 61.68,11.1
      1 61.23,34.9
      1 60.96,19.51
      1 599.27,163.0
      1 599.22,142.31
      1 598.97,119.79
      1 598.31,341.04
      1 597.48,149.37
      1 596.12,143.07
      1 595.72,75.95
      1 595.44,107.18
      1 595.05,271.34
      1 594.54,0.0
      1 593.91,50.48
      1 593.47,189.91
      1 593.34,189.87
      1 592.98,237.19
      1 592.77,189.69
      1 592.06,213.14
      1 591.47,0.0
      1 591.44,189.26
      1 591.3,44.35
      1 589.24,235.7
      1 588.96,0.0
      1 587.43,281.97
      1 587.12,58.71
      1 587.04,190.2
      1 585.42,133.48
      1 583.55,140.05
      1 581.28,39.53
      1 580.94,209.14
      1 580.84,197.49
      1 580.5,69.66
      1 580.13,139.23
      1 578.73,231.49
      1 577.3,346.38
      1 57.7,0.0
      1 576.58,39.21
      1 576.57,207.57
      1 57.64,24.9
      1 574.19,229.68
      1 574.13,137.79
      1 572.73,51.55
      1 572.48,97.32
      1 57.09,9.71
      1 570.61,205.42
      1 570.3,153.98
      1 569.68,259.77
      1 569.13,341.48
      1 568.58,0.0
      1 56.78,20.44
      1 567.65,113.53
      1 566.34,193.69
      1 564.6,271.01
      1 563.59,50.72
      1 563.28,81.11
      1 563.26,121.66
      1 562.77,140.69
      1 562.42,269.96
      1 562.31,101.22
      1 561.87,56.19
      1 561.71,134.81
      1 561.22,89.8
      1 560.92,44.87
      1 56.02,8.4
      1 55.97,2.8
      1 558.59,40.22
      1 558.57,84.9
      1 558.38,0.0
      1 558.21,111.64
      1 557.95,267.82
      1 556.26,111.25
      1 555.93,160.11
      1 555.8,211.2
      1 555.64,200.03
      1 555.56,333.34
      1 555.4,133.3
      1 554.78,142.02
      1 553.33,159.36
      1 552.05,99.37
      1 55.14,8.82
      1 550.94,280.98
      1 550.21,0.0
      1 549.26,65.91
      1 549.25,109.85
      1 548.61,237.0
      1 548.59,177.74
      1 548.2,104.16
      1 547.68,83.25
      1 54.76,4.93
      1 546.6,196.78
      1 546.42,81.96
      1 545.82,87.33
      1 545.43,27.27
      1 545.38,174.52
      1 545.1,250.2
      1 544.94,0.0
      1 543.84,55.47
      1 543.75,24.47
      1 543.59,0.0
      1 542.78,0.0
      1 542.09,39.03
      1 541.77,247.05
      1 541.32,110.43
      1 541.04,73.04
      1 540.53,123.24
      1 540.05,247.88
      1 539.76,107.95
      1 539.08,21.56
      1 538.47,96.92
      1 537.92,193.65
      1 536.6,61.17
      1 536.58,244.68
      1 53.5,4.07
      1 534.84,74.88
      1 531.76,153.15
      1 531.4,40.39
      1 530.8,453.83
      1 530.46,0.0
      1 528.33,190.2
      1 528.06,160.53
      1 527.7,47.49
      1 526.52,42.12
      1 525.9,105.18
      1 52.56,11.17
      1 525.17,151.25
      1 524.93,26.25
      1 524.52,52.45
      1 523.46,0.0
      1 522.32,70.51
      1 521.99,250.56
      1 521.94,313.16
      1 521.86,87.67
      1 521.71,0.0
      1 521.58,66.5
      1 520.09,83.21
      1 519.89,83.18
      1 519.55,51.96
      1 519.45,74.8
      1 518.86,77.83
      1 518.53,177.34
      1 517.68,41.41
      1 517.17,442.18
      1 516.65,105.4
      1 516.16,176.53
      1 5.15,0.77
      1 515.04,463.54
      1 514.6,0.0
      1 514.3,185.15
      1 51.42,2.31
      1 513.86,184.99
      1 513.36,0.0
      1 513.23,102.65
      1 51.26,5.38
      1 512.62,0.0
      1 511.59,58.32
      1 510.84,61.3
      1 510.72,183.86
      1 510.49,173.57
      1 509.96,51.0
      1 509.92,40.79
      1 509.63,232.39
      1 507.53,120.54
      1 507.27,162.33
      1 506.63,96.26
      1 505.91,60.71
      1 505.11,75.77
      1 505.05,0.0
      1 504.47,60.54
      1 504.43,153.35
      1 504.38,272.37
      1 504.2,0.0
      1 503.7,125.93
      1 503.22,181.16
      1 502.12,75.32
      1 501.78,100.36
      1 500.72,240.35
      1 500.19,80.03
      1 499.96,40.0
      1 499.49,99.9
      1 499.45,84.91
      1 499.05,0.0
      1 498.64,34.9
      1 498.45,323.0
      1 49.79,0.0
      1 497.75,89.6
      1 497.36,0.0
      1 496.66,158.93
      1 496.58,158.91
      1 49.62,0.0
      1 494.95,178.18
      1 494.42,118.66
      1 493.53,50.34
      1 493.08,0.0
      1 493.06,301.75
      1 491.49,74.71
      1 491.2,74.66
      1 491.22,98.24
      1 490.81,78.53
      1 490.41,58.85
      1 490.08,0.0
      1 488.8,74.3
      1 488.7,0.0
      1 485.54,61.91
      1 485.27,24.26
      1 483.35,116.0
      1 482.63,45.85
      1 481.56,54.9
      1 48.13,0.0
      1 480.63,24.03
      1 480.04,0.0
      1 479.99,92.16
      1 479.2,207.01
      1 47.89,13.03
      1 478.12,80.32
      1 478.06,229.47
      1 477.74,272.31
      1 477.7,38.22
      1 477.7,214.96
      1 476.69,183.05
      1 476.5,171.54
      1 47.64,6.86
      1 475.43,406.49
      1 475.24,16.63
      1 475.14,71.27
      1 475.11,71.27
      1 47.39,0.0
      1 473.76,56.85
      1 473.64,255.77
      1 473.4,89.95
      1 473.03,189.21
      1 472.12,56.65
      1 471.01,84.78
      1 470.99,113.04
      1 469.77,39.93
      1 469.58,228.22
      1 468.58,421.72
      1 468.32,21.07
      1 466.79,116.7
      1 466.41,167.91
      1 465.83,69.87
      1 465.7,130.4
      1 465.64,111.75
      1 465.33,0.0
      1 465.25,237.28
      1 464.58,37.17
      1 464.48,167.21
      1 463.35,125.1
      1 462.7,140.66
      1 462.15,92.43
      1 461.69,277.01
      1 460.66,211.44
      1 460.63,165.83
      1 46.01,13.99
      1 460.01,92.0
      1 459.92,87.38
      1 458.71,275.23
      1 458.36,22.92
      1 458.24,45.82
      1 457.97,109.91
      1 456.69,51.38
      1 45.63,0.0
      1 455.58,96.81
      1 45.55,8.2
      1 455.49,20.5
      1 455.42,77.88
      1 455.28,182.11
      1 454.72,69.12
      1 453.98,18.16
      1 453.86,96.45
      1 453.52,0.0
      1 450.47,162.17
      1 450.39,57.65
      1 449.94,80.99
      1 449.78,137.63
      1 449.21,194.06
      1 448.93,71.83
      1 448.68,129.22
      1 447.59,71.61
      1 446.77,53.61
      1 446.2,0.0
      1 444.09,191.85
      1 443.71,88.74
      1 443.26,44.33
      1 442.89,201.96
      1 442.87,168.29
      1 442.34,110.58
      1 440.75,158.67
      1 44.05,14.27
      1 440.44,89.85
      1 43.9,4.94
      1 439.36,75.13
      1 439.07,33.37
      1 438.4,35.07
      1 438.29,133.24
      1 438.07,84.11
      1 436.99,52.44
      1 435.07,391.56
      1 434.77,62.61
      1 434.69,208.65
      1 434.65,198.2
      1 434.17,27.79
      1 433.85,70.28
      1 433.4,156.02
      1 433.11,233.88
      1 431.7,65.62
      1 431.37,38.82
      1 431.16,64.67
      1 430.58,0.0
      1 427.58,42.76
      1 426.48,162.06
      1 426.22,136.39
      1 425.81,106.45
      1 425.78,80.9
      1 425.61,86.82
      1 42.46,7.26
      1 423.9,76.3
      1 422.84,304.44
      1 422.71,152.18
      1 422.58,67.61
      1 422.27,0.0
      1 422.26,57.01
      1 420.27,100.86
      1 419.59,56.64
      1 419.13,128.25
      1 418.66,75.36
      1 41.81,15.05
      1 417.32,63.43
      1 417.09,180.18
      1 416.82,150.06
      1 416.08,126.49
      1 415.81,37.42
      1 41.55,9.97
      1 415.25,236.69
      1 414.86,74.67
      1 412.97,334.51
      1 411.88,222.42
      1 411.34,333.19
      1 410.43,20.52
      1 409.63,17.41
      1 409.53,0.0
      1 409.3,98.23
      1 408.7,98.09
      1 408.75,245.25
      1 408.19,198.38
      1 407.48,311.72
      1 407.02,40.7
      1 406.2,194.98
      1 406.15,162.46
      1 405.65,61.66
      1 405.52,129.77
      1 404.57,97.1
      1 404.13,80.83
      1 404.08,48.49
      1 402.95,77.37
      1 402.7,0.0
      1 402.54,289.83
      1 40.2,27.5
      1 402.05,43.42
      1 401.65,204.84
      1 400.81,51.3
      1 40.04,5.71
      1 400.24,144.09
      1 399.87,64.78
      1 399.58,18.98
      1 398.36,63.74
      1 398.14,47.78
      1 396.61,180.85
      1 395.75,63.32
      1 395.71,0.0
      1 394.41,18.73
      1 394.34,83.8
      1 393.83,31.51
      1 392.93,212.18
      1 39.29,14.14
      1 392.82,282.83
      1 392.35,223.64
      1 391.15,187.75
      1 390.47,62.48
      1 389.07,36.96
      1 388.93,46.67
      1 388.02,139.69
      1 387.48,232.49
      1 386.96,154.78
      1 38.58,3.09
      1 385.64,138.83
      1 385.62,222.12
      1 385.59,231.35
      1 385.49,46.26
      1 385.11,231.07
      1 383.9,138.2
      1 383.37,0.0
      1 381.72,91.61
      1 381.45,205.98
      1 380.3,54.19
      1 379.86,0.0
      1 379.65,0.0
      1 37.79,7.71
      1 376.78,57.27
      1 375.66,120.21
      1 375.65,153.27
      1 375.3,31.53
      1 374.5,38.2
      1 373.34,50.77
      1 371.64,44.6
      1 371.45,160.47
      1 37.13,3.71
      1 37.0,3.52
      1 370.05,56.25
      1 369.73,36.97
      1 369.68,73.94
      1 369.39,29.55
      1 369.25,92.31
      1 368.74,36.87
      1 368.37,111.98
      1 368.15,139.9
      1 367.25,88.14
      1 366.25,39.56
      1 365.83,0.0
      1 364.72,68.39
      1 364.58,91.87
      1 364.02,87.36
      1 364.02,13.65
      1 36.37,5.46
      1 362.87,54.43
      1 362.86,17.24
      1 362.84,310.23
      1 362.54,24.65
      1 362.44,0.0
      1 361.74,27.49
      1 36.16,18.44
      1 361.41,43.37
      1 359.98,36.0
      1 358.47,0.0
      1 357.76,15.2
      1 357.52,71.5
      1 356.58,256.74
      1 355.69,108.84
      1 355.6,48.01
      1 355.46,21.33
      1 354.83,191.61
      1 354.32,0.0
      1 354.01,47.79
      1 353.26,50.87
      1 352.81,0.0
      1 352.68,29.98
      1 352.61,84.63
      1 351.76,35.18
      1 351.74,126.63
      1 351.53,113.9
      1 351.06,0.0
      1 350.74,28.06
      1 349.76,132.91
      1 349.73,17.49
      1 34.95,22.65
      1 348.69,125.53
      1 348.62,17.43
      1 34.84,4.46
      1 348.25,83.58
      1 348.08,89.11
      1 346.97,52.05
      1 346.71,79.05
      1 345.6,82.94
      1 345.28,124.3
      1 34.43,7.44
      1 34.31,5.56
      1 342.37,27.39
      1 341.93,16.24
      1 34.04,4.63
      1 340.27,108.89
      1 339.6,27.17
      1 339.44,54.31
      1 339.4,30.55
      1 338.46,69.05
      1 338.41,16.92
      1 33.83,6.77
      1 335.86,102.1
      1 335.69,191.34
      1 335.09,0.0
      1 333.97,26.72
      1 333.34,48.0
      1 333.24,66.65
      1 333.22,26.66
      1 333.14,39.98
      1 33.17,13.53
      1 330.95,100.61
      1 32.82,9.98
      1 327.83,78.68
      1 327.65,26.21
      1 327.48,78.6
      1 327.43,70.72
      1 326.59,117.57
      1 325.08,156.04
      1 324.55,132.42
      1 323.83,58.29
      1 321.95,61.81
      1 321.9,15.29
      1 320.96,192.58
      1 319.6,138.07
      1 319.03,96.99
      1 318.97,15.95
      1 318.51,31.85
      1 318.26,108.84
      1 316.28,72.11
      1 315.83,75.8
      1 315.64,101.0
      1 315.42,50.47
      1 315.21,0.0
      1 314.36,29.86
      1 314.28,75.43
      1 31.41,4.48
      1 314.03,67.83
      1 313.04,142.75
      1 312.17,124.87
      1 312.01,280.81
      1 311.85,62.37
      1 311.68,71.06
      1 311.4,95.29
      1 311.45,24.92
      1 31.14,14.95
      1 310.96,105.73
      1 310.86,186.52
      1 309.94,23.56
      1 308.3,110.99
      1 308.17,61.63
      1 307.93,30.79
      1 307.93,15.4
      1 307.44,73.79
      1 304.4,69.4
      1 304.18,76.04
      1 304.03,36.48
      1 303.23,181.94
      1 302.51,42.35
      1 301.42,137.45
      1 301.32,81.36
      1 301.01,13.55
      1 300.55,51.39
      1 30.05,0.0
      1 29.89,7.17
      1 298.7,0.0
      1 298.58,48.37
      1 298.53,44.78
      1 298.14,64.4
      1 297.84,107.22
      1 297.74,47.64
      1 296.94,57.01
      1 296.08,159.88
      1 294.83,60.15
      1 294.13,13.24
      1 293.68,58.74
      1 292.6,70.22
      1 292.34,22.22
      1 29.13,0.0
      1 290.94,13.82
      1 290.87,104.71
      1 290.48,29.05
      1 289.66,0.0
      1 289.4,69.46
      1 288.94,124.82
      1 287.79,0.0
      1 28.74,7.18
      1 287.13,78.1
      1 284.74,20.5
      1 284.49,46.09
      1 283.04,42.46
      1 282.74,53.72
      1 282.4,254.16
      1 281.95,0.0
      1 281.88,56.38
      1 280.36,50.46
      1 280.08,42.01
      1 279.86,35.82
      1 279.85,57.09
      1 279.17,100.5
      1 278.85,50.19
      1 278.73,150.51
      1 278.7,20.9
      1 278.62,167.17
      1 278.51,25.07
      1 278.42,113.6
      1 278.0,71.17
      1 277.97,42.53
      1 277.24,106.46
      1 276.85,79.73
      1 276.84,132.88
      1 276.39,0.0
      1 275.26,79.27
      1 275.09,44.01
      1 27.42,2.74
      1 27.42,10.97
      1 272.79,52.38
      1 272.6,51.79
      1 27.24,17.65
      1 272.14,12.93
      1 271.95,65.27
      1 271.42,58.63
      1 27.0,2.3
      1 269.65,242.68
      1 268.54,29.0
      1 268.51,107.4
      1 26.76,4.01
      1 267.56,0.0
      1 266.71,160.03
      1 266.53,136.73
      1 265.99,95.76
      1 264.99,26.5
      1 264.0,39.6
      1 263.9,90.25
      1 263.98,63.36
      1 263.95,26.4
      1 263.88,0.0
      1 263.34,62.54
      1 262.82,94.62
      1 262.07,0.0
      1 261.82,67.03
      1 261.47,223.56
      1 261.25,35.53
      1 261.25,24.82
      1 260.99,39.67
      1 260.26,83.28
      1 259.85,64.96
      1 258.83,12.29
      1 258.0,39.22
      1 257.83,154.7
      1 257.54,45.07
      1 257.15,231.44
      1 257.08,123.4
      1 256.51,38.48
      1 256.51,30.78
      1 255.06,0.0
      1 253.25,96.24
      1 253.25,12.66
      1 252.66,76.81
      1 251.25,20.1
      1 250.94,0.0
      1 250.67,50.13
      1 25.01,9.0
      1 249.91,0.0
      1 249.88,0.0
      1 249.59,53.04
      1 249.12,44.84
      1 249.12,12.46
      1 247.92,89.25
      1 247.39,44.53
      1 246.33,155.19
      1 245.96,98.38
      1 245.87,28.03
      1 245.68,88.44
      1 244.63,49.9
      1 243.16,43.77
      1 243.15,116.71
      1 242.78,87.4
      1 242.66,92.21
      1 242.19,130.78
      1 241.47,11.47
      1 240.12,48.98
      1 239.42,86.19
      1 238.05,81.41
      1 237.89,57.09
      1 237.87,38.06
      1 237.69,38.03
      1 23.74,3.56
      1 236.76,21.31
      1 236.39,75.64
      1 235.4,56.5
      1 234.98,11.16
      1 234.78,53.53
      1 234.31,93.72
      1 233.95,44.45
      1 232.87,17.7
      1 232.63,79.09
      1 232.19,132.35
      1 232.08,198.43
      1 231.87,111.3
      1 231.54,16.21
      1 231.31,37.01
      1 230.55,0.0
      1 230.24,21.87
      1 230.17,34.53
      1 229.91,117.94
      1 229.25,45.85
      1 228.48,58.49
      1 228.47,0.0
      1 228.17,52.02
      1 227.06,0.0
      1 227.05,122.61
      1 226.83,0.0
      1 226.53,129.12
      1 226.48,65.23
      1 22.57,1.44
      1 225.59,10.72
      1 225.39,21.41
      1 224.64,20.22
      1 224.26,89.7
      1 224.07,0.0
      1 223.63,35.78
      1 222.87,106.98
      1 221.18,84.93
      1 22.03,1.1
      1 21.95,7.02
      1 219.08,27.93
      1 217.59,33.07
      1 217.37,73.91
      1 215.91,36.92
      1 215.86,73.39
      1 21.55,3.66
      1 21.51,0.0
      1 21.49,14.7
      1 214.61,77.26
      1 214.1,9.1
      1 214.16,25.7
      1 213.43,21.34
      1 213.39,0.0
      1 212.66,10.63
      1 212.3,0.0
      1 212.14,25.46
      1 211.81,27.11
      1 210.92,50.62
      1 210.04,126.02
      1 209.54,29.86
      1 209.41,188.47
      1 20.89,18.8
      1 208.24,47.48
      1 20.82,2.83
      1 206.99,0.0
      1 206.72,46.51
      1 206.18,51.55
      1 206.1,0.0
      1 205.75,62.96
      1 205.47,49.31
      1 204.58,93.9
      1 203.52,12.21
      1 203.19,73.15
      1 20.26,2.43
      1 201.73,16.14
      1 201.64,48.39
      1 201.56,45.96
      1 20.08,0.85
      1 198.72,19.87
      1 198.49,75.43
      1 196.51,31.44
      1 196.0,59.58
      1 195.87,56.41
      1 195.58,0.0
      1 194.57,29.19
      1 19.37,0.0
      1 192.5,9.62
      1 19.2,3.46
      1 190.56,60.98
      1 190.05,129.99
      1 189.96,48.63
      1 188.94,0.0
      1 188.43,67.83
      1 188.39,42.95
      1 187.88,9.39
      1 187.33,22.48
      1 187.32,26.97
      1 186.6,29.86
      1 185.94,0.0
      1 185.14,44.43
      1 184.85,126.44
      1 184.41,66.39
      1 18.44,1.4
      1 184.37,53.1
      1 18.39,11.92
      1 183.11,0.0
      1 182.65,0.0
      1 182.49,8.21
      1 181.93,14.55
      1 181.23,13.05
      1 181.06,14.48
      1 180.88,108.53
      1 180.68,21.68
      1 178.88,27.19
      1 178.82,51.5
      1 178.53,42.85
      1 177.74,35.55
      1 177.34,13.48
      1 176.82,26.52
      1 176.72,70.69
      1 17.61,3.17
      1 17.6,10.56
      1 175.94,15.83
      1 175.26,99.9
      1 175.17,37.84
      1 17.4,9.92
      1 174.47,69.79
      1 173.54,55.53
      1 17.34,7.49
      1 173.16,43.29
      1 172.58,103.55
      1 170.67,38.4
      1 170.19,12.25
      1 169.56,22.89
      1 168.96,0.0
      1 168.94,64.2
      1 167.79,76.51
      1 167.04,20.04
      1 166.22,9.31
      1 165.95,75.67
      1 164.18,75.36
      1 16.37,0.74
      1 163.69,31.1
      1 163.56,70.66
      1 162.85,36.64
      1 162.67,41.64
      1 162.18,82.71
      1 162.12,36.48
      1 160.85,24.13
      1 160.15,38.44
      1 159.96,48.63
      1 158.13,22.53
      1 155.56,18.67
      1 155.04,31.63
      1 154.89,24.78
      1 154.55,58.73
      1 154.29,38.57
      1 153.32,17.48
      1 15.31,8.27
      1 153.14,36.75
      1 152.41,109.74
      1 151.49,36.36
      1 151.09,6.04
      1 151.06,37.76
      1 15.09,1.51
      1 150.69,35.79
      1 149.8,23.97
      1 149.58,114.43
      1 149.47,43.05
      1 148.52,37.43
      1 148.0,27.75
      1 14.75,3.54
      1 147.35,29.47
      1 147.15,37.67
      1 146.36,52.69
      1 146.36,26.34
      1 145.95,23.35
      1 145.75,9.91
      1 144.98,21.75
      1 144.93,0.0
      1 143.91,19.43
      1 14.35,3.59
      1 143.22,0.0
      1 143.0,32.6
      1 139.32,21.18
      1 139.0,44.48
      1 138.52,59.84
      1 137.53,19.8
      1 13.73,1.75
      1 137.16,39.5
      1 136.3,0.0
      1 136.03,12.24
      1 135.91,77.47
      1 135.8,14.67
      1 135.42,9.21
      1 134.18,28.98
      1 133.31,12.0
      1 133.16,0.0
      1 13.29,5.32
      1 132.75,25.49
      1 132.65,6.63
      1 132.61,19.89
      1 132.31,21.17
      1 132.25,33.33
      1 131.64,40.02
      1 131.4,14.98
      1 131.27,29.93
      1 131.04,59.75
      1 131.03,15.72
      1 130.52,14.1
      1 130.11,20.82
      1 129.96,11.05
      1 129.74,44.37
      1 129.05,18.58
      1 127.65,31.91
      1 12.74,2.04
      1 126.24,47.97
      1 125.95,34.01
      1 124.65,67.31
      1 124.57,11.96
      1 122.54,39.21
      1 121.81,27.77
      1 121.7,0.0
      1 121.38,17.3
      1 120.82,72.49
      1 120.49,22.89
      1 11.93,2.67
      1 118.38,0.0
      1 118.12,22.15
      1 117.62,12.0
      1 11.73,2.82
      1 11.7,2.81
      1 117.27,27.85
      1 116.38,44.22
      1 115.9,5.8
      1 11.58,6.67
      1 112.77,0.0
      1 11.23,0.76
      1 111.56,95.38
      1 111.11,32.0
      1 110.38,27.6
      1 110.32,17.65
      1 109.76,74.09
      1 109.34,35.43
      1 108.57,22.15
      1 107.11,25.44
      1 106.1,48.38
      1 104.57,22.22
      1 10.41,2.5
      1 10.39,0.42
      1 10.34,3.72
      1 103.02,27.82
      1 102.98,19.77
      1 102.97,28.01
      1 102.68,36.96
      1 102.34,23.33
      1 101.05,36.38
