SELL01995	4	6780.51	1695.13
SELL01754	4	5955.17	1488.79
SELL01065	3	5454.83	1818.28
SELL01559	3	5407.07	1802.36
SELL01739	3	4783.25	1594.42
SELL00272	2	4747.34	2373.67
SELL00618	2	4709.43	2354.72
SELL01537	4	4700.24	1175.06
SELL00635	2	4284.88	2142.44
SELL00485	2	4100.68	2050.34
SELL01335	2	4019.04	2009.52
SELL00207	4	3808.68	952.17
SELL00706	2	3765.10	1882.55
SELL01981	3	3669.81	1223.27
SELL00257	2	3651.04	1825.52
SELL01705	2	3570.18	1785.09
SELL01837	3	3506.61	1168.87
SELL01502	2	3499.96	1749.98
SELL01670	3	3410.86	1136.95
SELL01610	2	3409.17	1704.59
SELL01722	3	3364.71	1121.57
